0000000000000000000000000000000000
0000000000000000008000000000000000
0000000000000000008000000000000000
0000000000000000088000000000000000
0000000000080000088800000000000000
0000000000088000088800000000000000
0000000000088800888800000088000000
0000880000088880888800008880000000
0000088880088888888880888880000000
0000008888888888888888888800000000
0000000008888880008888888800000000
0011111100888880110888888000000000
0010001110888880111088880110888000
0010801110800880111108001110880000
0010011108011080111110111110000000
0011110000111100111111111110111000
0011111001101110110111101101001100
0010001101080110110010001101081100
0010801101080110110808011101111000
0010011101101110110888011001111000
0011111000111100110880111001001100
0011111088011080110800110001081100
0011100088800880108801110801111000
0010000088888880088801110801110000
0000000888888888888880000000000000
0000000888880888888088880000000000
0000008888000088880008880000000000
0000008000000088880000880000000000
0000000000000088800000080000000000
0000000000000008800000000000000000
0000000000000008000000000000000000
0000000000000008000000000000000000
0000000000000000000000000000000000
